<?xml version="1.0"?>
<opencv_storage>
<data>
  173 156 176 181 176 202 176 219 176 238 178 248 185 257 202 256 232
  254 277 246 303 242 347 242 344 252 366 245 371 245 395 244 195 169
  174 161 134 154 133 155 195 230 244 230 252 219 284 219 318 205 293
  235 356 139 320 216 313 221 386 267</data>
</opencv_storage>
